year,total_salmon_population
1930,19362
1931,81848
1932,35592
1933,12132
1934,50211
1935,77748
1936,51261
1937,35217
1938,44600
1939,55962
1940,101985
1941,68167
1942,56158
1943,55789
1944,67480
1945,67709
1946,51551
1947,59540
1948,48176
1949,21826
1950,40370
1951,41349
1952,426976
1953,695953
1954,576275
1955,478124
1956,201316
1957,156191
1958,344010
1959,565117
1960,887733
1961,323044
1962,335502
1963,411301
1964,442807
1965,252766
1966,253090
1967,231385
1968,266071
1969,422911
1970,361637
1971,391067
1972,283262
1973,430737
1974,355272
1975,334920
1976,333718
1977,288042
1978,362603
1979,363941
1980,353256
1982,502606
1982,453831
1983,340001
1984,415462
1985,637101
1986,699147
1987,731247
1988,684956
1989,459721
1990,179090
1991,230804
1992,206666
1993,289229
1994,362494
1995,697253
1996,699442
1997,617267
1998,514792
1999,610532
2000,901620
2001,1123709
2002,1359373
2003,1109123
2004,721624
2005,742749
2006,577876
2007,391643
2008,249814
2009,232671
2010,400847
2011,606222
2012,874890
2013,856264
2014,620055
2015,371298
2016,265750
2017,265974
2018,410019
2019,420288
2020,326859
2021,337715
2022,256426
2023,282832
2024,1623


